-205
-205
-105
-125
-105
-65
-5
-125
-145
-155
-145
-175
-175
-195
-195
-195
-205
-185
-135
-275
-905
-725
615
2495
3055
2835
1295
-295
-465
-345
-355
-395
-405
-375
-375
-375
-325
-335
-305
-325
-285
-275
-225
-235
-145
-115
-95
-125
-55
-25
-5
-15
-45
-35
-45
-45
-95
-125
-135
-185
-215
-225
-205
-205
-235
-195
-195
-205
-205
-185
-205
-205
-195
-195
-205
-215
-195
-185
-235
-245
-225
-235
-215
-195
-235
-235
-225
-205
-195
-215
-205
-215
-265
-175
-185
-175
-145
-185
-135
-75
-35
-115
-135
-205
-195
-185
-195
-215
-215
-225
-225
-165
-125
-285
-875
-855
255
2215
2945
2695
1365
-265
-435
-335
-385
-445
-395
-385
-375
-385
-345
-315
-305
-285
-285
-205
-225
-205
-175
-185
-75
-135
-25
-25
-15
-25
-5
-25
-45
-25
-35
-135
-155
-155
-155
-175
-205
-135
-225
-235
-295
-315
-135
-125
-135
-45
-115
-225
-225
-185
-125
-195
-205
-275
-235
-85
-195
-195
-195
-185
-145
-195
-125
-175
-105
-315
-235
-35
-255
-125
-155
-145
-35
5
-55
-195
-215
-65
-245
-135
-115
-235
-365
-245
-165
-125
-95
-285
-765
-565
545
2325
2845
2565
925
-305
-365
-315
-365
-355
-275
-295
-395
-325
-335
-255
-245
-275
-175
-55
-245
-175
-155
-85
-55
75
-35
5
65
95
5
25
35
75
5
-55
-105
-55
-135
-185
-155
-135
-95
-105
-195
-195
-165
-95
-135
-145
-75
-25
-245
-125
-85
-215
-125
-165
-185
-165
-155
-175
-155
-155
-155
-165
-125
-135
-215
-185
-155
-125
-165
-95
-45
-5
-35
-65
-105
-115
-205
-205
-185
-215
-215
-195
-165
-145
-165
-645
-875
-325
1525
2825
2755
2125
385
-425
-375
-365
-395
-395
-375
-355
-325
-355
-365
-325
-295
-275
-275
-245
-195
-195
-165
-125
-105
-85
-75
-25
-25
5
5
-75
-35
-55
-15
-95
-115
-115
-155
-135
-165
-145
-145
-115
-105
-115
-95
-45
-65
-115
-145
-125
-95
-105
-85
-95
-105
-115
-105
-115
-125
-115
-115
-95
-135
-125
-105
-95
-5
5
15
5
-35
-155
-155
-125
-145
-155
-165
-165
-165
-145
-135
-335
-795
-575
735
2435
2745
2535
1115
-215
-345
-315
-355
-355
-365
-355
-335
-315
-305
-295
-295
-245
-205
-215
-225
-195
-195
-135
-115
-85
-55
-45
-15
15
15
25
45
-5
-45
-45
-75
-95
-105
-115
-135
-115
-115
-105
-95
-155
-155
-105
-125
-125
-165
-115
-135
-125
-145
-115
-155
-165
-85
-155
-115
-135
-105
-55
-5
-75
-55
-175
-105
-135
-175
-215
-205
-245
-205
-195
-135
-365
-975
-495
1035
2635
2805
2685
1075
-455
-535
-365
-335
-305
-335
-315
-305
-315
-275
-295
-275
-265
-205
-175
-195
-195
-165
-105
-95
-75
-25
-15
-15
-15
15
15
-35
-35
-35
-65
-75
-85
-115
-115
-155
-155
-145
-165
-185
-165
-145
-135
-135
-155
-125
-135
-125
-135
-135
-145
-165
-125
-135
-115
-125
-85
-105
-85
-35
-25
-75
-95
-125
-115
-125
-165
-175
-185
-225
-205
-155
-155
-495
-915
-295
1365
2835
2975
2525
395
-515
-285
-315
-365
-365
-345
-365
-355
-315
-305
-285
-275
-255
-225
-195
-215
-125
-155
-135
-85
-25
-5
-25
-15
-5
5
5
-5
-45
-65
-75
-95
-105
-115
-145
-105
-145
-155
-135
-115
-105
-125
-135
-125
-95
-105
-135
-155
-125
-105
-155
-145
-105
-135
-145
-85
-45
-55
-35
25
-15
-75
-105
-95
-85
-115
-135
-175
-155
-135
-175
-155
-125
-645
-835
-35
1865
2955
2915
2255
215
-375
-285
-315
-325
-315
-355
-335
-315
-285
-285
-275
-255
-205
-185
-135
-155
-145
-95
-35
-45
-25
15
35
35
5
5
35
-35
-15
-75
-95
-85
-125
-115
-115
-105
-125
-115
-115
-115
-105
-45
-125
-125
-115
-85
-105
-115
-105
-115
-105
-115
-115
-115
-105
-95
-105
-115
-95
-115
-125
-105
-65
-55
-5
-5
65
35
-25
-105
-85
-75
-125
-125
-135
-135
-135
-125
-75
-115
-535
-845
-295
1565
2825
2925
2265
335
-305
-255
-295
-345
-335
-335
-335
-275
-315
-275
-225
-205
-215
-205
-165
-155
-115
-95
-55
-65
-25
5
5
25
-15
-15
45
25
-5
-45
-35
-65
-75
-85
-115
-115
-105
-125
-95
-85
-85
-155
-105
-145
-55
-125
-135
-95
-105
-145
-85
-105
-115
-125
-115
-125
-135
-135
-135
-115
-105
-95
-105
-115
-125
-135
-85
-85
-15
15
25
-25
-55
-55
-105
-105
-105
-115
-115
-135
-155
-135
-125
-95
-395
-845
-325
1085
2515
2725
2575
865
-325
-405
-275
-225
-375
-305
-315
-345
-275
-265
-305
-275
-225
-225
-235
-195
-115
-155
-175
-165
-125
-65
-65
-25
-25
5
-5
-15
25
-105
-35
-85
-85
-135
-125
-135
-175
-135
-195
-175
-165
-175
-165
-145
-145
-205
-155
-115
-155
-175
-125
-185
-185
-165
-175
-195
-145
-175
-145
-165
-195
-185
-175
-175
-165
-115
-135
-65
-85
-45
-95
-145
-155
-125
-205
-185
-185
-245
-215
-195
-185
-165
-435
-945
-385
1175
2775
3055
2685
585
-495
-315
-335
-375
-385
-375
-365
-345
-335
-315
-315
-275
-295
-285
-215
-225
-215
-185
-145
-125
-105
-45
-35
-55
-15
-15
-35
-45
-55
-85
-115
-105
-145
-165
-145
-195
-215
-185
-155
-215
-195
-205
-185
-175
-215
-185
-155
-165
-195
-175
-125
-215
-225
-195
-205
-185
-195
-185
-185
-185
-155
-175
-215
-195
-135
-95
-115
-95
-85
-15
-125
-145
-165
-145
-155
-175
-175
-215
-225
-195
-185
-175
-165
-665
-935
55
1975
2965
2995
2175
115
-415
-305
-315
-345
-395
-355
-355
-345
-345
-355
-305
-275
-255
-245
-225
-165
-155
-135
-125
-75
-55
-25
-5
-5
-15
-15
-5
-45
-95
-125
-125
-165
-185
-195
-215
-215
-205
-195
-235
-185
-205
-235
-185
-175
-205
-235
-205
-175
-245
-235
-215
-215
-225
-225
-185
-215
-225
-225
-205
-205
-195
-225
-215
-215
-195
-225
-195
-215
-185
-145
-175
-125
-85
-35
-125
-145
-175
-185
-145
-155
-265
-225
-225
-225
-215
-185
-165
-565
-965
-485
1255
2735
2925
2455
485
-395
-335
-345
-395
-415
-395
-405
-405
-405
-355
-335
-345
-315
-295
-275
-235
-225
-225
-185
-145
-135
-95
-85
-75
-65
-75
-105
-115
-85
-125
-165
-175
-185
-175
-205
-225
-245
-245
-225
-215
-235
-255
-225
-215
-225
-245
-235
-235
-275
-255
-255
-245
-245
-255
-255
-245
-265
-265
-265
-255
-265
-265
-275
-235
-225
-265
-255
-265
-255
-235
-215
-185
-145
-105
-155
-205
-235
-235
-215
-225
-285
-285
-285
-235
-285
-245
-235
-625
-1065
-615
1215
2665
2825
2285
335
-495
-415
-415
-425
-465
-395
-415
-405
-415
-405
-385
-365
-335
-345
-285
-275
-265
-215
-215
-215
-165
-125
-125
-95
-95
-95
-125
-75
-85
-135
-135
-155
-175
-205
-225
-215
-195
-225
-235
-235
-195
-215
-245
-215
-215
-215
-235
-235
-205
-175
-265
-255
-215
-235
-235
-255
-215
-215
-225
-225
-215
-215
-215
-195
-125
-195
-145
-75
-55
-115
-165
-175
-155
-165
-185
-225
-185
-215
-215
-185
-155
-465
-985
-325
1125
2715
2885
2635
885
-465
-445
-345
-355
-365
-375
-375
-355
-355
-295
-305
-275
-265
-275
-255
-225
-175
-175
-145
-135
-115
-65
-45
15
5
-75
-65
-5
-25
-25
-55
-55
-75
-105
-115
-105
-145
-155
-125
-125
-125
-115
-115
-105
-145
-85
-115
-115
-75
-125
-145
-135
-135
-115
-135
-135
-125
-125
-125
-125
-155
-135
-105
-45
-85
-25
15
5
-45
-95
-95
-95
-85
-125
-125
-135
-135
-155
-95
-95
-355
-875
-545
905
2585
3025
2805
1055
-265
-355
-295
-265
-315
-305
-325
-315
-315
-295
-265
-255
-235
-225
-195
-165
-145
-155
-75
-35
-75
-45
-5
5
-5
-15
5
-15
-25
-65
-35
-65
-75
-125
-105
-115
-125
-155
-115
-115
-115
-95
-125
-105
-105
-85
-105
-145
-85
-95
-135
-145
-135
-125
-135
-145
-155
-145
-135
-145
-155
-95
-95
-105
-85
-35
-25
-25
-75
-125
-105
-115
-145
-165
-115
-145
-185
-195
-135
-155
-725
-875
75
2015
2955
2775
1435
-125
-325
-275
-315
-325
-355
-345
-335
-315
-295
-285
-265
-255
-235
-225
-195
-165
-135
-135
-105
-85
-15
25
-25
-5
-25
5
5
-5
-35
-25
-65
-75
-95
-115
-105
-115
-125
-125
-115
-105
-125
-145
-135
-115
-125
-125
-115
-105
-115
-125
-115
-125
-115
-125
-165
-145
-125
-165
-155
-145
-135
-115
-145
-125
-85
-125
-35
25
15
-45
-95
-95
-95
-135
-135
-135
-175
-185
-165
-125
-125
-405
-875
-445
1245
2665
2835
2375
615
-365
-275
-265
-315
-345
-335
-325
-305
-295
-285
-265
-255
-205
-215
-175
-155
-115
-145
-125
-65
-15
-25
-25
-5
-15
-5
15
-5
5
-15
-35
-45
-75
-95
-85
-85
-95
-105
-95
-135
-85
-105
-95
-125
-85
-85
-85
-85
-95
-105
-85
-105
-105
-105
-115
-115
-135
-115
-115
-135
-125
-125
-115
-105
-105
-125
-85
-65
-15
-15
35
-15
-65
-95
-105
-85
-125
-155
-135
-155
-125
-115
-105
-315
-905
-425
1135
2655
2925
2745
1015
-395
-405
-285
-335
-305
-345
-325
-305
-285
-265
-245
-245
-235
-205
-165
-185
-155
-135
-95
-85
-85
-55
-5
-55
-25
5
-5
-15
-5
-15
-25
-55
-65
-85
-95
-95
-85
-125
-115
-125
-95
-75
-115
-115
-85
-75
-95
-75
-65
-105
-115
-115
-75
-115
-125
-95
-95
-85
-145
-125
-95
-75
-75
-35
25
25
-15
-65
-75
-45
-95
-115
-95
-165
-175
-155
-135
-95
-105
-455
-875
-295
1355
2815
2945
2475
455
-375
-295
-305
-295
-315
-345
-345
-335
-315
-265
-235
-265
-245
-175
-205
-195
-135
-105
-115
-75
-55
-35
-5
-15
-25
-15
-15
-5
-25
-65
-75
-55
-95
-115
-135
-125
-125
-115
-135
-115
-135
-95
-125
-115
-135
-135
-125
-115
-125
-125
-135
-125
-115
-135
-145
-125
-135
-115
-165
-145
-125
-135
-145
-125
-105
-85
-105
-5
-15
-35
-65
-105
-115
-115
-125
-145
-155
-175
-175
-135
-155
-135
-475
-885
-495
1035
2595
2945
2625
965
-295
-335
-295
-335
-355
-355
-345
-345
-345
-335
-275
-285
-275
-255
-235
-205
-175
-165
-145
-115
-85
-65
-35
-25
-35
-45
-35
-35
-55
-45
-85
-115
-115
-125
-135
-155
-165
-165
-155
-155
-155
-135
-135
-165
-155
-145
-155
-175
-155
-135
-155
-155
-165
-155
-175
-195
-175
-165
-185
-165
-185
-165
-165
-205
-185
-155
-155
-145
-125
-105
-25
-35
-45
-105
-135
-145
-145
-155
-175
-175
-195
-175
-165
-175
-175
-555
-915
-435
1235
2665
2855
2355
565
-365
-335
-325
-345
-345
-385
-375
-345
-355
-335
-325
-295
-275
-255
-245
-225
-225
-185
-165
-125
-95
-95
-85
-65
-75
-35
-25
-55
-85
-75
-85
-95
-115
-135
-135
-155
-145
-155
-185
-185
-175
-145
-165
-165
-155
-155
-155
-165
-155
-145
-195
-195
-155
-165
-205
-195
-175
-185
-185
-185
-165
-155
-175
-185
-165
-165
-155
-155
-165
-135
-155
-115
-105
-85
-45
-25
-45
-95
-85
-155
-135
-145
-155
-175
-185
-155
-195
-155
-145
-665
-885
95
1975
2895
2775
1555
-95
-525
-345
-325
-355
-365
-355
-335
-335
-335
-335
-305
-275
-265
-245
-245
-185
-185
-175
-145
-115
-105
-85
-65
-45
-35
-45
-25
-15
-25
-15
-65
-95
-95
-105
-125
-135
-185
-145
-135
-155
-125
-135
-145
-115
-135
-95
-135
-145
-155
-125
-135
-125
-125
-155
-145
-135
-135
-145
-145
-145
-155
-165
-135
-185
-155
-145
-105
-105
-65
-55
-15
-65
-85
-125
-125
-125
-115
-145
-195
-165
-185
-155
-125
-315
-895
-525
745
2475
3005
2795
1525
-175
-435
-325
-345
-335
-345
-345
-345
-315
-315
-295
-275
-265
-235
-205
-205
-165
-135
-135
-115
-75
-45
-35
-15
15
5
5
-35
-35
-25
-55
-65
-95
-115
-135
-145
-155
-155
-155
-175
-155
-175
-165
-155
-145
-135
-135
-135
-145
-145
-145
-135
-125
-155
-175
-155
-145
-145
-145
-175
-165
-185
-155
-145
-105
-95
-105
-25
-25
-15
-85
-125
-115
-135
-155
-165
-175
-195
-185
-155
-155
-155
-385
-885
-615
945
2645
3005
2615
665
-365
-325
-305
-355
-365
-365
-365
-375
-355
-325
-335
-305
-285
-265
-245
-225
-205
-175
-135
-95
-85
-35
-25
-15
-15
-5
-5
-25
-55
-75
-105
-115
-145
-175
-165
-225
-195
-195
-225
-185
-205
-185
-195
-195
-195
-175
-195
-175
-195
-195
-205
-205
-195
-185
-195
-185
-215
-205
-205
-175
-215
-215
-195
-185
-165
-145
-165
-75
-65
-55
-105
-155
-135
-185
-195
-195
-225
-225
-225
-225
-215
-175
-375
-915
-625
675
2415
2885
2565
1085
-255
-385
-355
-395
-425
-415
-405
-395
-385
-355
-355
-315
-325
-305
-305
-265
-265
-205
-195
-165
-135
-105
-65
-75
-55
-45
-95
-75
-65
-75
-105
-145
-155
-145
-185
-205
-185
-195
-195
-205
-205
-155
-185
-175
-185
-185
-175
-175
-185
-185
-185
-185
-205
-165
-205
-205
-185
-175
-195
-185
-175
-185
-195
-185
-195
-185
-165
-145
-125
-135
-75
-35
-35
-95
-115
-155
-145
-145
-175
-195
-225
-215
-195
-185
-175
-255
-865
-755
475
2315
2875
2615
1175
-245
-385
-335
-345
-375
-395
-345
-325
-345
-335
-315
-285
-265
-225
-225
-215
-195
-175
-135
-105
-95
-65
-45
-25
-5
5
-15
-5
-25
-35
-85
-85
-95
-105
-115
-125
-115
-135
-115
-115
-125
-125
-135
-115
-105
-155
-135
-145
-135
-125
-125
-135
-125
-135
-135
-115
-135
-125
-105
-145
-135
-85
-135
-135
-85
-115
-165
-85
-85
-125
-45
15
5
25
-65
-65
-85
-55
-105
-125
-145
-85
-165
-155
-105
-95
-385
-905
-445
1175
2745
2865
2485
595
-425
-365
-225
-325
-335
-325
-295
-325
-295
-285
-295
-215
-255
-215
-185
-165
-175
-135
-85
-115
-45
-35
-55
-25
-65
-65
-15
-15
-35
-25
-25
-5
-55
-125
-95
-195
-125
-155
-215
-215
-195
-75
25
-25
-55
-145
-175
-295
-225
-195
-95
-245
-155
-135
15
-25
-115
-185
-115
-175
-175
-115
-145
-45
-135
-125
-125
-175
-155
-95
-5
-55
-45
-35
-65
-55
-95
-115
-105
-175
-135
-215
-255
-235
-175
-185
-325
-855
-745
665
2475
3035
2735
1025
-325
-375
-355
-385
-365
-395
-435
-365
-335
-315
-305
-285
-335
-225
-225
-205
-215
-175
-95
-135
-105
-85
-35
-15
-65
-55
-25
-35
-5
-35
-105
-75
-155
-95
-135
-145
-165
-175
-145
-165
-185
-145
-155
-115
-155
-145
-145
-145
-125
-175
-155
-165
-155
-165
-175
-145
-155
-165
-145
-145
-115
-165
-185
-105
-95
-95
-15
-5
45
-35
-95
-115
-125
-105
-135
-155
-175
-175
-135
-195
-105
-165
-805
-865
385
2375
3065
2805
1025
-295
-435
-305
-305
-335
-325
-285
-335
-335
-305
-255
-275
-245
-195
-215
-145
-135
-175
-95
-65
-45
5
65
55
-5
15
25
65
15
-65
-45
-85
5
-185
5
15
-315
-95
-195
-155
-105
-65
-215
-65
-55
-135
-165
-95
-95
-55
-85
-85
-55
-95
-105
-105
-115
-115
-125
-115
-115
-135
-125
-135
-125
-125
-95
-115
-125
-125
-85
-135
-145
-125
-125
-75
-65
-55
55
5
-65
-115
-105
-85
-145
-135
-155
-155
-135
-135
-105
-55
-345
-955
-575
1165
2755
2915
2605
775
-345
-365
-315
-345
-355
-325
-325
-305
-265
-265
-235
-255
-225
-245
-205
-185
-145
-135
-125
-105
-75
-25
15
-25
-5
35
25
45
45
-5
15
45
-5
-25
-135
-145
-115
-145
-155
-135
-105
-135
-105
-75
-95
-125
-165
-125
-105
-95
-95
-125
-115
-125
-105
-95
-85
-155
-135
-135
-145
-75
-125
-15
15
25
-35
-75
-135
-125
-105
-135
-155
-195
-165
-175
-125
-115
-275
-885
-525
895
2605
3055
2825
1215
-335
-505
-295
-325
-385
-365
-335
-315
-305
-275
-235
-275
-255
-175
-195
-205
-145
-95
-105
-45
-5
5
55
65
95
85
125
35
35
5
-65
-95
-115
-135
-145
-175
-165
-115
-165
-175
-165
-135
-165
-145
-115
-115
-125
-145
-145
-105
-115
-135
-125
-125
-125
-155
-145
-125
-125
-95
-145
-45
-15
-15
-75
-115
-125
-125
-165
-145
-185
-195
-205
-185
-155
-155
-555
-955
-75
1685
2955
3045
2645
585
-495
-345
-315
-355
-365
-375
-355
-365
-345
-285
-315
-315
-265
-215
-215
-195
-175
-105
-75
-55
-5
-15
25
65
75
75
65
65
25
15
-45
-105
-145
-175
-175
-205
-175
-185
-165
-175
-165
-125
-185
-195
-175
-185
-165
-175
-175
-145
-165
-185
-195
-165
-155
-135
-125
-105
-55
-45
-105
-125
-165
-165
-155
-205
-225
-225
-255
-235
-225
-195
-245
-855
-935
195
2145
2995
2905
1915
45
-425
-365
-365
-415
-415
-435
-395
-385
-385
-385
-355
-325
-325
-295
-285
-245
-215
-185
-135
-85
-95
-45
-35
-5
-5
-25
-15
-55
-45
-65
-125
-105
-145
-165
-185
-215
-195
-215
-205
-185
-185
-205
-145
-175
-195
-195
-185
-185
-165
-175
-185
-185
-165
-145
-95
-105
-105
-65
15
-115
-135
-185
-165
-175
-185
-215
-225
-235
-225
-205
-185
-375
-955
-625
1085
2725
2975
2285
275
-415
-345
-375
-395
-405
-375
-385
-395
-365
-355
-375
-345
-325
-285
-265
-225
-185
-165
-135
-115
-75
-45
-55
-45
-25
-45
-55
-55
-65
-75
-115
-145
-145
-155
-175
-175
-185
-175
-175
-165
-135
-165
-195
-185
-155
-145
-175
-165
-165
-165
-165
-155
-165
-105
-105
-125
-45
5
-65
-105
-145
-115
-145
-175
-215
-205
-225
-225
-185
-175
-415
-1035
-675
1185
2765
2915
2255
395
-375
-345
-335
-365
-405
-395
-375
-365
-355
-365
-335
-315
-305
-275
-245
-215
-215
-185
-175
-145
-105
-85
-55
-65
-65
-115
-85
-115
-105
-145
-125
-105
-165
-135
-165
-165
-195
-165
-135
-155
-175
-175
-155
-135
-175
-145
-165
-175
-165
-185
-135
-105
-105
-115
-45
15
-55
-95
-135
-115
-135
-185
-235
-205
-225
-255
-225
-195
-315
-1055
-885
575
2395
2895
2615
1015
-295
-405
-355
-335
-425
-435
-395
-365
-365
-345
-335
-315
-315
-305
-255
-245
-225
-205
-145
-135
-115
-125
-115
-105
-135
-125
-135
-145
-135
-165
-155
-125
-155
-195
-195
-185
-185
-185
-165
-165
-185
-175
-175
-145
-135
-155
-175
-195
-185
-135
-105
-115
-105
-35
-15
-85
-125
-165
-155
-175
-195
-245
-235
-255
-255
-205
-215
-835
-1115
-265
1605
2765
2735
1965
155
-425
-345
-355
-385
-405
-365
-375
-355
-345
-355
-335
-315
-305
-315
-265
-245
-215
-195
-185
-175
-155
-95
-115
-125
-125
-125
-95
-145
-155
-135
-145
-135
-135
-145
-155
-145
-145
-165
-165
-145
-175
-165
-205
-165
-135
-175
-175
-175
-165
-165
-105
-125
-125
-55
5
-95
-75
-145
-135
-185
-175
-205
-245
-235
-235
-225
-195
-425
-1055
-705
565
2275
2775
2555
1225
-345
-455
-355
-385
-395
-385
-395
-365
-345
-335
-345
-325
-305
-275
-265
-255
-225
-185
-185
-155
-125
-115
-95
-115
-115
-135
-125
-165
-125
-125
-125
-115
-125
-125
-145
-145
-135
-115
-125
-145
-155
-105
-115
-155
-135
-135
-135
-145
-155
-145
-135
-95
-85
-95
-95
-25
5
-55
-105
-135
-115
-125
-135
-195
-195
-205
-195
-185
-155
-275
-965
-805
565
2415
2935
2605
1035
-265
-315
-295
-345
-355
-365
-345
-365
-355
-325
-325
-275
-275
-265
-255
-215
-185
-165
-155
-145
-105
-65
-75
-75
-65
-75
-105
-115
-105
-95
-115
-125
-105
-105
-155
-155
-145
-155
-145
-135
-135
-135
-145
-145
-145
-155
-155
-155
-125
-145
-155
-145
-85
-85
-75
-75
-25
25
-35
-95
-105
-95
-125
-115
-155
-195
-195
-185
-145
-135
-495
-935
-445
1185
2685
2925
2495
685
-325
-295
-315
-355
-365
-355
-345
-345
-355
-335
-315
-305
-275
-265
-235
-255
-195
-185
-165
-165
-135
-125
-135
-135
-135
-135
-95
-95
-105
-145
-125
-125
-135
-155
-135
-125
-135
-175
-165
-155
-145
-155
-145
-145
-135
-175
-135
-155
-175
-185
-155
-145
-175
-115
-75
-95
-55
-5
-15
-55
-135
-155
-135
-145
-185
-195
-245
-225
-205
-205
-165
-435
-995
-505
1015
2615
2805
2435
435
-515
-415
-295
-365
-425
-425
-345
-375
-345
-335
-325
-305
-305
-265
-255
-245
-205
-195
-185
-145
-155
-145
-105
-135
-145
-165
-125
-125
-155
-135
-135
-145
-125
-205
-175
-145
-165
-185
-185
-175
-195
-195
-175
-105
-195
-205
-165
-135
-145
-165
-195
-135
-195
-175
-145
-145
-95
-125
-125
-35
-55
-95
-155
-105
-135
-215
-185
-225
-225
-205
-215
-175
-205
-775
-785
235
2055
2985
2945
2085
65
-415
-335
-335
-355
-375
-365
-375
-365
-335
-325
-325
-345
-265
-255
-245
-215
-195
-155
-145
-135
-125
-95
-95
-95
-125
-115
-135
-125
-105
-145
-145
-125
-155
-135
-155
-185
-195
-185
-165
-165
-165
-175
-175
-165
-175
-165
-125
-145
-185
-165
-155
-175
-185
-175
-155
-155
-125
-95
-105
-95
-35
-65
-95
-135
-165
-165
-195
-195
-235
-255
-235
-235
-175
-235
-815
-795
245
2015
2975
2905
1975
25
-415
-325
-375
-435
-435
-425
-435
-415
-395
-385
-355
-355
-325
-285
-265
-255
-245
-225
-195
-155
-125
-115
-115
-115
-105
-125
-135
-155
-165
-155
-155
-205
-215
-205
-215
-215
-195
-215
-215
-195
-185
-195
-205
-215
-175
-165
-235
-215
-185
-195
-205
-195
-165
-175
-195
-205
-195
-195
-185
-195
-195
-195
-195
-145
-75
-115
-105
-55
-15
-85
-125
-145
-125
-135
-155
-195
-185
-205
-205
-155
-175
-505
-915
-385
1155
2685
2975
2575
715
-315
-305
-305
-335
-355
-355
-345
-335
-315
-305
-295
-255
-245
-215
-175
-175
-155
-115
-105
-75
-65
-45
-15
-15
-25
-45
-45
-45
-35
-35
-65
-55
-65
-105
-125
-105
-115
-105
-125
-105
-85
-95
-105
-95
-85
-105
-75
-85
-85
-95
-95
-85
-105
-115
-105
-95
-85
-115
-95
-95
-115
-105
-75
-105
-105
-115
-95
-55
-45
-45
-15
65
35
-35
-55
-55
-65
-85
-85
-135
-145
-165
-115
-105
-185
-785
-675
615
2385
2915
2615
1145
-195
-265
-195
-225
-335
-315
-305
-285
-285
-275
-265
-215
-195
-195
-215
-135
-125
-135
-75
-45
-35
5
-25
-25
-15
-15
5
-15
5
-25
5
-25
-75
-95
-105
-95
-105
-95
-95
-105
-85
-125
-85
-95
-105
-115
-105
-105
-85
-95
-105
-115
-95
-115
-115
-115
-105
-105
-95
-125
-125
-115
-75
-75
-115
-105
-55
-45
-55
15
55
25
-15
-75
-45
-55
-115
-135
-115
-135
-135
-115
-105
-175
-855
-575
725
2555
2955
2675
945
-425
-405
-305
-275
-315
-315
-285
-295
-295
-285
-235
-245
-235
-185
-155
-185
-175
-145
-105
-105
-65
-25
-15
25
-15
-35
-35
-35
-35
-35
-45
-55
-55
-75
-105
-115
-105
-105
-125
-125
-125
-115
-105
-75
-65
-95
-105
-105
-115
-95
-95
-105
-105
-115
-95
-95
-145
-135
-95
-165
-135
-125
-85
-55
-45
-15
65
5
-75
-95
-95
-85
-115
-145
-175
-185
-165
-145
-125
-255
-865
-635
765
2525
3085
2785
1135
-315
-375
-295
-315
-315
-335
-375
-355
-305
-285
-265
-245
-225
-185
-195
-185
-115
-95
-125
-95
-45
-25
5
-15
-15
-15
-55
-45
-55
-55
-115
-105
-115
-115
-125
-125
-175
-165
-155
-145
-145
-115
-145
-145
-135
-135
-125
-135
-145
-135
-135
-125
-135
-125
-135
-165
-175
-165
-165
-155
-125
-85
-95
-65
5
15
-75
-105
-125
-115
-135
-165
-195
-185
-205
-195
-165
-155
-535
-895
-295
1445
2775
2845
2235
335
-365
-315
-305
-345
-365
-355
-355
-335
-335
-345
-315
-285
-215
-265
-265
-205
-175
-155
-115
-95
-55
-35
-25
-15
-15
-35
-35
-35
-45
-85
-95
-115
-115
-155
-135
-115
-195
-185
-175
-155
-165
-155
-135
-135
-155
-125
-135
-135
-145
-145
-145
-135
-145
-155
-135
-125
-165
-175
-135
-95
-85
-105
-55
5
-45
-95
-105
-115
-125
-175
-195
-195
-205
-215
-195
-145
-245
-815
-805
275
2205
2915
2625
1245
-195
-385
-315
-335
-375
-375
-375
-355
-365
-365
-355
-315
-295
-285
-265
-215
-215
-225
-175
-155
-135
-105
-65
-55
-25
-45
-75
-65
-85
-85
-105
-105
-135
-155
-165
-165
-175
-195
-205
-165
-175
-165
-165
-145
-165
-175
-155
-165
-165
-175
-165
-165
-175
-165
-155
-165
-155
-195
-175
-175
-205
-155
-125
-125
-85
-45
-15
-45
-105
-125
-135
-155
-155
-195
-195
-245
-235
-195
-185
-585
-925
-95
1835
2855
2725
2025
245
-455
-375
-375
-405
-395
-405
-415
-375
-365
-345
-325
-325
-305
-275
-265
-255
-225
-205
-185
-195
-165
-155
-125
-125
-135
-125
-125
-115
-95
-75
-95
-135
-125
-135
-185
-175
-185
-185
-175
-175
-155
-165
-175
-165
-155
-165
-155
-145
-135
-185
-185
-185
-165
-155
-185
-185
-175
-155
-135
-145
-95
-35
-15
-85
-145
-145
-115
-125
-175
-235
-225
-215
-225
-205
-165
-535
-935
-245
1545
2765
2755
2185
225
-545
-375
-315
-375
-415
-395
-395
-375
-345
-325
-325
-315
-295
-265
-245
-235
-205
-195
-165
-155
-125
-95
-95
-95
-85
-95
-105
-95
-105
-115
-125
-125
-145
-165
-165
-165
-155
-165
-175
-165
-145
-145
-145
-145
-135
-135
-145
-145
-155
-155
-145
-155
-135
-135
-165
-145
-95
-95
-105
-65
-5
-5
-85
-105
-115
-95
-135
-155
-185
-185
-195
-205
-175
-175
-585
-925
-215
1555
2855
2975
2375
365
-345
-305
-335
-365
-375
-345
-365
-355
-345
-315
-305
-265
-265
-265
-215
-185
-165
-145
-115
-75
-45
-35
-25
-5
-5
-5
-25
-25
-15
-45
-85
-85
-105
-135
-105
-145
-135
-125
-145
-125
-105
-115
-105
-105
-135
-95
-115
-135
-125
-125
-115
-105
-115
-125
-125
-85
-15
-85
-55
15
25
-35
-65
-85
-75
-115
-125
-145
-185
-175
-145
-165
-165
-445
-905
-515
1135
2725
3085
2645
685
-305
-315
-295
-345
-365
-365
-345
-325
-305
-295
-275
-285
-255
-255
-225
-225
-185
-155
-135
-115
-95
-85
-55
-45
-55
-65
-55
-75
-55
-65
-85
-105
-115
-135
-125
-145
-115
-125
-145
-145
-135
-125
-135
-135
-135
-115
-105
-135
-145
-135
-135
-135
-135
-105
-95
-85
-75
-65
15
25
-55
-65
-115
-115
-135
-155
-145
-175
-225
-205
-155
-165
-295
-925
-745
635
2445
2995
2665
1045
-215
-335
-295
-335
-355
-355
-375
-355
-335
-315
-295
-295
-285
-225
-205
-235
-205
-165
-165
-125
-85
-55
-45
-55
-55
-65
-45
-75
-105
-85
-95
-95
-135
-145
-145
-155
-165
-145
-135
-145
-135
-115
-115
-145
-155
-155
-145
-125
-145
-135
-125
-105
-85
-145
-135
-155
-145
-75
-55
-85
-35
45
-5
-35
-95
-95
-65
-145
-195
-195
-185
-175
-175
-145
-135
-625
-885
-65
1895
2855
2715
1445
-95
-375
-305
-285
-365
-375
-355
-345
-335
-345
-335
-285
-245
-275
-265
-215
-215
-195
-165
-155
-135
-145
-115
-55
-15
-75
-115
-85
-115
-105
-85
-105
-45
-95
-145
-185
-125
-105
-175
-125
-115
-145
-155
-125
-115
-95
-105
-125
-105
-115
-125
-125
-115
-115
-105
-95
-105
-125
-135
-85
-95
-55
-95
-45
15
45
-15
-35
-25
-5
-125
-105
-125
-165
-145
-145
-95
-115
-145
-735
-645
395
2125
3005
2785
1715
-85
-425
-235
-265
-295
-315
-285
-265
-265
-255
-205
-215
-235
-205
-175
-165
-145
-95
-85
-65
-55
-45
-15
-45
-5
-5
-25
-35
-35
-35
-45
-25
-45
-75
-85
-95
-95
-105
-95
-85
-95
-95
-105
-85
-75
-65
-85
-85
-55
-85
-65
-85
-75
-85
-75
-105
-95
-95
-95
-85
-105
-75
-55
-55
-55
-5
65
25
-15
-45
-35
-75
-95
-95
-115
-135
-125
-125
-95
-105
-485
-825
-125
1545
2775
2855
2335
405
-365
-215
-255
-295
-315
-285
-295
-295
-295
-265
-235
-225
-245
-195
-185
-145
-135
-145
-75
-55
-65
-25
35
-25
-5
5
-35
-45
-45
-25
-5
-75
-105
-95
-65
-115
-105
-75
-115
-135
-135
-95
-85
-105
-75
-105
-115
-115
-105
-95
-95
-85
-105
-105
-125
-145
-135
-95
-115
-155
-125
-115
-115
-135
-115
-95
-95
-35
-35
-35
-5
55
-5
-35
-55
-55
-95
-115
-125
-135
-155
-115
-135
-155
-315
-825
-535
785
2405
2885
2565
975
-265
-325
-275
-295
-335
-345
-315
-285
-285
-315
-315
-265
-245
-215
-195
-195
-145
-115
-115
-125
-85
-55
-25
-35
-25
-25
-25
-25
-25
-95
-55
-95
-125
-95
-115
-135
-145
-145
-145
-115
-125
-145
-145
-165
-125
-135
-125
-135
-135
-165
-145
-155
-135
-115
-115
-145
-145
-155
-155
-145
-155
-165
-155
-145
-135
-145
-165
-115
-95
-95
-35
25
-5
-65
-105
-115
-105
-115
-145
-185
-185
-165
-145
-185
-165
-445
-795
-385
1145
2575
2735
2185
525
-315
-285
-325
-325
-325
-335
-335
-325
-285
-265
-285
-265
-235
-195
-185
-165
-125
-105
-95
-75
-25
-15
-5
5
-15
-5
-35
-45
-45
-75
-95
-75
-115
-125
-135
-135
-155
-125
-125
-175
-165
-155
-145
-145
-135
-135
-135
-145
-125
-135
-145
-145
-145
-135
-145
-145
-135
-135
-135
-145
-145
-135
-105
-55
-105
-25
15
-35
-75
-105
-95
-105
-125
-145
-175
-175
-165
-175
-145
-175
-695
-755
125
1885
2785
2575
1475
-75
-365
-295
-325
-335
-355
-345
-335
-315
-295
-275
-275
-255
-225
-195
-185
-165
-135
-105
-75
-105
-55
-25
-25
-35
-25
-5
-35
-55
-65
-65
-75
-95
-105
-115
-125
-135
-135
-135
-135
-125
-125
-115
-135
-125
-125
-125
-125
-125
-115
-115
-125
-115
-135
-135
-135
-135
-135
-135
-135
-135
-135
-115
-75
-75
-75
15
35
-15
-35
-85
-75
-95
-125
-135
-155
-165
-155
-145
-145
-165
-685
-695
205
1955
2755
2575
1575
-5
-375
-295
-315
-315
-355
-335
-315
-315
-295
-275
-285
-245
-255
-205
-195
-165
-145
-115
-75
-65
-65
-35
-25
-25
-35
-55
-45
-45
-55
-75
-85
-95
-105
-115
-115
-95
-135
-145
-125
-165
-145
-135
-135
-135
-135
-115
-115
-105
-125
-115
-115
-135
-105
-145
-165
-155
-135
-125
-145
-145
-125
-125
-135
-135
-135
-105
-115
-145
-85
-115
-135
-95
-105
-25
-25
35
-15
-65
-115
-85
-125
-125
-125
-155
-145
-135
-135
-125
-155
-775
-855
155
2065
2945
2785
1615
-65
-435
-285
-295
-335
-315
-345
-335
-295
-265
-265
-255
-215
-245
-215
-175
-185
-145
-125
-125
-105
-75
-55
-45
-15
-115
-75
-75
-75
-55
-45
-25
-25
-95
-105
-105
-135
-115
-135
-125
-115
-105
-175
-115
-135
-115
-155
-155
-145
-125
-145
-155
-135
-135
-165
-155
-185
-145
-155
-165
-145
-145
-145
-165
-145
-155
-85
-105
-105
-55
-25
-25
-75
-105
-125
-105
-135
-155
-175
-195
-195
-165
-155
-165
-365
-825
-575
805
2495
2835
2515
855
-355
-355
-305
-315
-365
-365
-375
-365
-335
-315
-315
-295
-295
-235
-205
-215
-205
-155
-135
-105
-95
-45
-55
-55
-25
-25
-65
-85
-85
-75
-105
-145
-155
-155
-155
-175
-175
-175
-175
-185
-185
-145
-185
-195
-185
-175
-135
-155
-185
-175
-185
-185
-165
-185
-155
-185
-175
-155
-165
-165
-205
-145
-155
-165
-155
-115
-135
-165
-145
-105
-115
-75
-25
-15
-25
-65
-75
-125
-145
-145
-175
-185
-155
-165
-155
-175
-135
-355
-905
-685
665
2435
2925
2745
1415
-75
-345
-275
-325
-305
-335
-335
-335
-325
-285
-265
-255
-265
-225
-185
-235
-195
-175
-165
-135
-145
-105
-45
-45
-55
-15
-5
-25
5
15
25
-45
-75
-35
-85
-135
-145
-145
-175
-135
-145
-145
-135
-115
-135
-125
-165
-155
-155
-155
-155
-145
-145
-165
-175
-135
-135
-135
-155
-135
-165
-125
-145
-145
-145
-135
-85
-75
-125
-75
-25
35
-45
-65
-55
-105
-105
-105
-135
-135
-175
-135
-105
-95
-125
-585
-885
-105
1585
2815
2775
2455
575
-485
-335
-245
-285
-295
-275
-255
-325
-275
-285
-245
-215
-225
-205
-175
-155
-115
-85
-105
-85
-45
-5
25
15
65
35
35
25
35
45
-5
-55
-85
-85
-105
-145
-115
-135
-145
-145
-165
-135
-135
-135
-125
-135
-115
-135
-145
-155
-125
-105
-125
-145
-135
-135
-165
-135
-95
-135
-165
-155
-115
-115
-125
-95
-85
-85
-15
5
-25
-85
-105
-85
-95
-105
-125
-145
-155
-155
-135
-105
-115
-555
-855
-5
1775
2915
2995
2465
395
-405
-275
-275
-305
-305
-325
-335
-305
-295
-265
-265
-235
-225
-175
-165
-135
-105
-105
-85
-55
-25
-15
35
35
35
55
65
15
-15
-35
-15
-115
-135
-135
-155
-145
-165
-155
-165
-135
-145
-155
-175
-165
-165
-155
-135
-135
-115
-135
-165
-175
-145
-125
-185
-175
-175
-175
-145
-155
-165
-175
-145
-125
-175
-175
-145
-155
-175
-165
-145
-135
-135
-125
-125
-95
-55
-75
15
-15
-45
-75
-195
-135
-115
-165
-185
-185
-185
-155
-125
-105
-305
-855
-625
695
2485
3075
2855
1305
-185
-305
-255
-295
-325
-305
-315
-325
-315
-255
-285
-265
-225
-205
-185
-155
-145
-125
-95
-45
-45
-15
5
-5
5
15
35
-5
-15
-15
-35
-55
-95
-115
-125
-155
-175
-165
-155
-165
-165
-135
-145
-175
-155
-155
-135
-155
-165
-155
-145
-145
-145
-155
-145
-165
-165
-155
-145
-155
-165
-145
-135
-135
-185
-155
-145
-125
-145
-165
-135
-125
-155
-135
-125
-125
-95
-55
-65
45
-35
-85
-105
-115
-95
-105
-125
-145
-135
-135
-125
-105
-105
-285
-865
-485
1215
2725
2965
2485
695
-305
-275
-265
-295
-315
-345
-295
-265
-285
-325
-275
-245
-235
-215
-185
-175
-135
-115
-105
-85
-45
-5
-15
-5
-5
15
15
5
-15
-15
-35
-65
-95
-105
-135
-125
-155
-165
-165
-155
-155
-165
-155
-165
-155
-165
-175
-165
-155
-175
-165
-165
-145
-145
-155
-145
-185
-175
-165
-155
-165
-155
-165
-175
-145
-125
-165
-185
-145
-155
-155
-155
-135
-145
-165
-135
-105
-75
-75
15
-75
-95
-135
-125
-105
-115
-155
-165
-165
-155
-155
-125
-115
-635
-915
-185
1685
2915
2905
2325
385
-475
-345
-295
-315
-295
-335
-315
-305
-275
-265
-265
-245
-225
-205
-175
-195
-165
-135
-125
-105
-75
-35
-5
5
15
15
25
45
45
35
5
-5
-55
-75
-95
-95
-115
-115
-115
-105
-95
-115
-105
-85
-105
-125
-125
-115
-105
-105
-105
-75
-95
-125
-125
-105
-105
-115
-115
-95
-85
-105
-125
-125
-105
-95
-115
-115
-85
-55
-35
25
35
-25
-75
-85
-35
-85
-105
-115
-105
-115
-105
-65
-75
-145
-805
-695
565
2355
3075
2935
1885
-35
-445
-245
-205
-255
-255
-265
-245
-265
-235
-225
-205
-195
-175
-165
-145
-135
-75
-85
-75
-55
-15
45
45
75
105
95
105
115
75
35
25
-25
-25
-55
-105
-115
-105
-95
-115
-85
-105
-105
-75
-95
-85
-85
-85
-95
-75
-75
-105
-105
-105
-115
-95
-115
-95
-95
-105
-95
-115
-95
-85
-95
-115
-105
-35
-45
-35
35
5
-55
-75
-85
-95
-85
-115
-135
-105
-95
-135
-75
-65
-465
-875
-265
1365
2795
3085
2825
1015
-305
-305
-205
-255
-295
-285
-285
-285
-285
-285
-275
-285
-245
-215
-175
-155
-125
-115
-105
-25
-15
-15
15
25
55
75
75
75
45
45
15
-15
-75
-85
-65
-125
-145
-145
-135
-125
-115
-125
-115
-105
-145
-135
-125
-125
-155
-155
-145
-135
-135
-145
-145
-135
-135
-125
-135
-155
-135
-145
-165
-165
-145
-145
-115
-95
-45
-65
-15
-55
-85
-135
-115
-105
-125
-175
-165
-145
-205
-185
-125
-95
-465
-875
-365
1375
2775
2945
2295
465
-305
-255
-245
-315
-335
-325
-315
-315
-295
-305
-285
-245
-215
-225
-205
-185
-155
-125
-95
-95
-55
-35
-5
25
15
25
35
35
15
-35
-45
-25
-65
-105
-125
-115
-145
-145
-135
-145
-125
-125
-125
-125
-115
-115
-115
-125
-115
-95
-135
-115
-115
-145
-145
-125
-125
-135
-145
-145
-145
-145
-135
-135
-135
-125
-135
-105
-105
-55
-25
15
-25
-55
-145
-135
-125
-145
-145
-155
-145
-155
-145
-105
-145
-685
-795
185
2075
2915
2755
1635
35
-335
-275
-285
-305
-325
-335
-335
-315
-295
-285
-255
-255
-245
-225
-185
-165
-185
-135
-105
-135
-85
-35
-15
5
5
15
15
25
35
5
-35
-45
-35
-85
-115
-115
-105
-105
-105
-135
-125
-95
-115
-115
-115
-75
-125
-125
-135
-135
-135
-135
-125
-135
-125
-115
-155
-105
-135
-155
-155
-135
-85
-105
-65
-5
35
-45
-45
-95
-115
-105
-105
-155
-195
-195
-165
-155
-125
-135
-795
-655
605
2385
2975
2735
1305
-245
-415
-265
-235
-285
-285
-285
-305
-305
-275
-235
-205
-225
-235
-185
-155
-135
-85
-115
-75
-5
-105
-65
15
25
55
-25
55
5
-75
-105
-35
-45
-45
-85
-75
-105
-115
-115
-185
-165
-135
-135
-55
-115
-185
-145
-115
-85
-85
-135
-175
-175
-85
-175
-165
-95
-175
-105
-195
-185
-85
-75
-125
-55
-65
-45
-35
-95
-115
-115
-145
-155
-155
-205
-185
-185
-115
-155
-435
-825
-435
1225
2755
2955
2575
725
-355
-355
-335
-315
-365
-425
-375
-345
-315
-295
-335
-265
-305
-235
-255
-225
-185
-145
-125
-25
-85
-35
5
-5
-35
45
55
-155
-95
-55
-65
-125
-145
-75
-115
-245
-235
-185
-125
-115
-225
-165
-155
-115
-135
-165
-205
-175
-145
-145
-155
-175
-85
-195
-215
-155
-145
-205
-195
-115
-95
-95
-25
-15
-85
-105
-155
-175
-175
-165
-175
-235
-195
-215
-185
-195
-235
-775
-835
225
2095
2955
2805
1835
55
-385
-345
-335
-365
-355
-405
-375
-365
-315
-325
-295
-315
-285
-255
-225
-225
-205
-155
-145
-125
-125
-105
-65
-45
-55
-55
-25
-65
-75
-95
-145
-115
-165
-195
-195
-165
-145
-165
-185
-175
-145
-205
-185
-135
-135
-115
-165
-165
-165
-135
-175
-125
-185
-165
-175
-165
-195
-175
-125
-125
-135
-105
-45
-5
-65
-85
-85
-105
-195
-195
-175
-215
-195
-195
-175
-145
-205
-725
-805
-15
1865
2805
2685
1755
15
-475
-355
-345
-375
-385
-395
-395
-365
-345
-355
-315
-315
-285
-245
-245
-205
-215
-205
-185
-165
-135
-95
-75
-65
-75
-35
-75
-65
-55
-45
-65
-115
-155
-135
-155
-155
-165
-165
-155
-155
-165
-145
-135
-135
-145
-145
-135
-135
-165
-145
-135
-135
-145
-145
-155
-175
-165
-135
-95
-115
-85
-45
-15
-55
-125
-135
-115
-165
-175
-165
-195
-175
-185
-175
-135
-275
-905
-575
875
2505
2895
2625
1235
-315
-485
-315
-325
-365
-355
-325
-315
-345
-335
-335
-275
-295
-255
-235
-205
-205
-165
-125
-135
-105
-85
-55
-25
-35
-15
-5
-15
-25
-25
-35
-65
-105
-105
-125
-95
-165
-165
-175
-155
-125
-125
-135
-125
-125
-95
-125
-115
-95
-115
-95
-125
-125
-105
-115
-105
-115
-125
-95
-105
-85
-85
-45
5
45
-35
-85
-115
-95
-125
-125
-155
-155
-165
-155
-135
-105
-205
-845
-655
565
2365
3055
2895
1825
-5
-415
-275
-315
-325
-305
-305
-315
-305
-285
-275
-265
-245
-215
-195
-185
-165
-115
-95
-105
-65
-35
5
-5
15
5
35
55
-15
-15
-15
-35
-65
-75
-105
-115
-95
-115
-115
-105
-115
-105
-105
-115
-115
-105
-85
-105
-95
-95
-105
-95
-95
-125
-105
-105
-125
-105
-85
-105
-145
-125
-115
-105
-65
-65
15
15
25
-35
-65
-75
-65
-95
-105
-115
-145
-135
-125
-115
-115
-295
-825
-565
935
2585
3035
2645
815
-305
-255
-245
-295
-315
-305
-305
-285
-275
-275
-255
-235
-215
-175
-155
-165
-145
-95
-85
-55
-35
-25
5
15
15
15
15
25
25
-15
-35
-35
-45
-85
-105
-115
-115
-105
-105
-115
-115
-115
-95
-105
-105
-95
-115
-115
-85
-135
-105
-125
-115
-105
-115
-125
-115
-105
-105
-115
-115
-105
-125
-135
-105
-105
-65
-75
-25
-5
45
-15
-55
-65
-75
-65
-115
-125
-155
-125
-135
-115
-115
-105
-485
-825
-255
1535
2805
2965
2365
565
-275
-245
-255
-305
-315
-305
-315
-305
-285
-275
-265
-245
-215
-215
-175
-145
-165
-125
-95
-65
-45
-25
-5
-25
15
5
-5
-15
-5
-15
-35
-45
-65
-75
-85
-105
-115
-115
-115
-125
-105
-105
-105
-135
-115
-95
-115
-105
-105
-105
-95
-115
-115
-105
-135
-135
-145
-125
-135
-145
-135
-125
-135
-115
-125
-125
-145
-135
-135
-95
-75
-45
-35
15
-15
-75
-95
-95
-115
-115
-115
-125
-165
-155
-105
-125
-95
-635
-875
205
2155
2945
2825
1685
-35
-405
-275
-275
-325
-305
-325
-335
-305
-275
-275
-255
-255
-205
-215
-185
-165
-155
-145
-145
-115
-85
-65
-55
-35
-25
-15
5
-15
-15
25
-5
-55
-55
-65
-85
-65
-125
-125
-115
-95
-115
-145
-125
-105
-105
-115
-95
-125
-105
-105
-125
-105
-145
-135
-105
-105
-125
-115
-115
-135
-125
-115
-135
-125
-115
-115
-85
-75
-65
5
35
-25
-85
-105
-65
-95
-135
-105
-125
-145
-145
-125
-95
-105
-605
-835
15
1685
2885
2945
2465
425
-445
-285
-245
-285
-315
-305
-265
-275
-265
-245
-245
-235
-215
-195
-145
-135
-145
-115
-65
-75
-65
-35
15
5
35
35
35
25
25
5
-15
-5
-35
-65
-115
-75
-105
-105
-105
-95
-95
-85
-85
-95
-105
-85
-85
-75
-95
-95
-95
-75
-95
-95
-95
-105
-105
-105
-95
-105
-85
-105
-75
-65
-45
-65
-15
5
25
-15
-65
-75
-55
-85
-85
-135
-115
-135
-135
-105
-85
-155
-735
-685
515
2365
3085
2895
1465
-155
-315
-235
-255
-275
-295
-285
-275
-275
-265
-245
-235
-195
-195
-175
-155
-115
-105
-75
-65
-15
15
-5
25
45
55
35
35
25
5
-25
-25
-45
-65
-95
-105
-85
-105
-105
-115
-105
-105
-125
-125
-105
-105
-105
-105
-105
-95
-105
-125
-95
-85
-135
-135
-145
-135
-125
-135
-145
-125
-135
-135
-115
-75
-55
-85
5
15
5
-75
-95
-85
-105
-125
-135
-135
-165
-165
-135
-125
-115
-635
-775
-65
1755
2885
2835
2165
275
-335
-275
-275
-325
-335
-335
-325
-325
-305
-285
-265
-255
-245
-225
-205
-165
-155
-135
-115
-75
-55
-35
-25
-25
-15
-35
-45
-55
-55
-75
-95
-105
-105
-125
-115
-135
-155
-145
-145
-155
-145
-135
-135
-125
-145
-145
-135
-145
-125
-145
-135
-155
-145
-155
-135
-135
-145
-165
-155
-175
-175
-175
-125
-115
-105
-25
-25
-45
-95
-105
-105
-135
-155
-155
-175
-185
-205
-195
-135
-145
-395
-875
-525
895
2515
2825
2365
515
-385
-295
-305
-375
-375
-365
-335
-345
-345
-325
-285
-295
-275
-245
-235
-195
-185
-175
-135
-115
-105
-85
-45
-45
-45
-55
-45
-55
-65
-85
-65
-65
-105
-145
-145
-165
-195
-155
-175
-145
-165
-165
-135
-145
-155
-145
-145
-125
-135
-145
-125
-135
-145
-135
-145
-145
-145
-135
-145
-165
-165
-155
-135
-105
